mean_attn_weight.shape: torch.Size([16, 16])
mean_attn_weight: tensor([[0.3102, 0.0792, 0.1372, 0.0798, 0.0768, 0.0741, 0.0481, 0.0907, 0.0639,
         0.0329, 0.0572, 0.0729, 0.0085, 0.0050, 0.0052, 0.0049],
        [0.0792, 0.3074, 0.0502, 0.0401, 0.0472, 0.0397, 0.0706, 0.0423, 0.0369,
         0.0665, 0.0362, 0.0353, 0.0191, 0.0148, 0.0085, 0.0068],
        [0.1372, 0.0502, 0.2209, 0.1137, 0.0797, 0.0660, 0.0321, 0.1374, 0.0827,
         0.0175, 0.0775, 0.0793, 0.0106, 0.0011, 0.0020, 0.0020],
        [0.0798, 0.0401, 0.1137, 0.2644, 0.0723, 0.1062, 0.0253, 0.0772, 0.1724,
         0.0151, 0.0691, 0.1267, 0.0095, 0.0015, 0.0013, 0.0012],
        [0.0768, 0.0472, 0.0797, 0.0723, 0.1748, 0.0683, 0.0282, 0.0548, 0.0575,
         0.0189, 0.1291, 0.0632, 0.0078, 0.0029, 0.0020, 0.0014],
        [0.0741, 0.0397, 0.0660, 0.1062, 0.0683, 0.1808, 0.0282, 0.0495, 0.0843,
         0.0238, 0.0488, 0.1328, 0.0070, 0.0081, 0.0019, 0.0016],
        [0.0481, 0.0706, 0.0321, 0.0253, 0.0282, 0.0282, 0.3053, 0.0324, 0.0304,
         0.0841, 0.0233, 0.0259, 0.0247, 0.0507, 0.0176, 0.0110],
        [0.0907, 0.0423, 0.1374, 0.0772, 0.0548, 0.0495, 0.0324, 0.1655, 0.0840,
         0.0179, 0.0669, 0.0682, 0.0144, 0.0024, 0.0025, 0.0021],
        [0.0639, 0.0369, 0.0827, 0.1724, 0.0575, 0.0843, 0.0304, 0.0840, 0.2342,
         0.0155, 0.0662, 0.1243, 0.0077, 0.0019, 0.0017, 0.0016],
        [0.0329, 0.0665, 0.0175, 0.0151, 0.0189, 0.0238, 0.0841, 0.0179, 0.0155,
         0.3232, 0.0154, 0.0201, 0.0267, 0.0802, 0.0240, 0.0162],
        [0.0572, 0.0362, 0.0775, 0.0691, 0.1291, 0.0488, 0.0233, 0.0669, 0.0662,
         0.0154, 0.2042, 0.0792, 0.0131, 0.0019, 0.0028, 0.0018],
        [0.0729, 0.0353, 0.0793, 0.1267, 0.0632, 0.1328, 0.0259, 0.0682, 0.1243,
         0.0201, 0.0792, 0.2341, 0.0085, 0.0026, 0.0020, 0.0014],
        [0.0085, 0.0191, 0.0106, 0.0095, 0.0078, 0.0070, 0.0247, 0.0144, 0.0077,
         0.0267, 0.0131, 0.0085, 0.9475, 0.0019, 0.0065, 0.0093],
        [0.0050, 0.0148, 0.0011, 0.0015, 0.0029, 0.0081, 0.0507, 0.0024, 0.0019,
         0.0802, 0.0019, 0.0026, 0.0019, 0.9788, 0.1380, 0.1731],
        [0.0052, 0.0085, 0.0020, 0.0013, 0.0020, 0.0019, 0.0176, 0.0025, 0.0017,
         0.0240, 0.0028, 0.0020, 0.0065, 0.1380, 0.5005, 0.1738],
        [0.0049, 0.0068, 0.0020, 0.0012, 0.0014, 0.0016, 0.0110, 0.0021, 0.0016,
         0.0162, 0.0018, 0.0014, 0.0093, 0.1731, 0.1738, 0.3957]],
       device='cuda:0')
adj_mat_learned.shape: torch.Size([16, 16])
adj_mat_learned: tensor([[0.7241, 0.1379, 0.3058, 0.0648, 0.1247, 0.1069, 0.1019, 0.1960, 0.0503,
         0.0636, 0.0538, 0.0655, 0.0342, 0.0190, 0.0144, 0.0113],
        [0.1379, 0.7230, 0.0637, 0.0421, 0.1094, 0.0732, 0.2342, 0.0749, 0.0432,
         0.2483, 0.0641, 0.0330, 0.0626, 0.0241, 0.0570, 0.0544],
        [0.3058, 0.0637, 0.6884, 0.1746, 0.1334, 0.0634, 0.0300, 0.4574, 0.0684,
         0.0184, 0.1034, 0.0596, 0.0317, 0.0097, 0.0021, 0.0023],
        [0.0648, 0.0421, 0.1746, 0.7058, 0.0742, 0.1999, 0.0248, 0.0826, 0.4876,
         0.0227, 0.0604, 0.2353, 0.0259, 0.0158, 0.0040, 0.0049],
        [0.1247, 0.1094, 0.1334, 0.0742, 0.6699, 0.1442, 0.0556, 0.0966, 0.0423,
         0.0485, 0.5020, 0.0604, 0.0297, 0.0140, 0.0117, 0.0123],
        [0.1069, 0.0732, 0.0634, 0.1999, 0.1442, 0.6723, 0.0547, 0.0587, 0.1595,
         0.0559, 0.0692, 0.4370, 0.0279, 0.0285, 0.0091, 0.0074],
        [0.1019, 0.2342, 0.0300, 0.0248, 0.0556, 0.0547, 0.7221, 0.0704, 0.0415,
         0.3593, 0.0476, 0.0240, 0.0981, 0.0803, 0.0917, 0.0783],
        [0.1960, 0.0749, 0.4574, 0.0826, 0.0966, 0.0587, 0.0704, 0.6662, 0.1631,
         0.0416, 0.1481, 0.0753, 0.0472, 0.0133, 0.0069, 0.0075],
        [0.0503, 0.0432, 0.0684, 0.4876, 0.0423, 0.1595, 0.0415, 0.1631, 0.6937,
         0.0180, 0.0713, 0.3233, 0.0348, 0.0141, 0.0043, 0.0055],
        [0.0636, 0.2483, 0.0184, 0.0227, 0.0485, 0.0559, 0.3593, 0.0416, 0.0180,
         0.7293, 0.0398, 0.0266, 0.1085, 0.0797, 0.1230, 0.1183],
        [0.0538, 0.0641, 0.1034, 0.0604, 0.5020, 0.0692, 0.0476, 0.1481, 0.0713,
         0.0398, 0.6817, 0.1271, 0.0467, 0.0113, 0.0117, 0.0122],
        [0.0655, 0.0330, 0.0596, 0.2353, 0.0604, 0.4370, 0.0240, 0.0753, 0.3233,
         0.0266, 0.1271, 0.6936, 0.0364, 0.0138, 0.0029, 0.0028],
        [0.0342, 0.0626, 0.0317, 0.0259, 0.0297, 0.0279, 0.0981, 0.0472, 0.0348,
         0.1085, 0.0467, 0.0364, 0.9790, 0.0206, 0.0372, 0.0482],
        [0.0190, 0.0241, 0.0097, 0.0158, 0.0140, 0.0285, 0.0803, 0.0133, 0.0141,
         0.0797, 0.0113, 0.0138, 0.0206, 0.9915, 0.2661, 0.2954],
        [0.0144, 0.0570, 0.0021, 0.0040, 0.0117, 0.0091, 0.0917, 0.0069, 0.0043,
         0.1230, 0.0117, 0.0029, 0.0372, 0.2661, 0.8002, 0.5987],
        [0.0113, 0.0544, 0.0023, 0.0049, 0.0123, 0.0074, 0.0783, 0.0075, 0.0055,
         0.1183, 0.0122, 0.0028, 0.0482, 0.2954, 0.5987, 0.7583]],
       device='cuda:0')